[app/ui]
version = 6.1.1
modtime = 1405021401.291826000

[app/launcher]
version = 6.1.1
modtime = 1405021401.293080000

[app/package/check_for_updates]
version = 6.1.1
modtime = 1405021401.293950000
